seed=1234
N = 10000
lambda = 0.9

simpath = "simulations"
figpath = "figures"
tabpath = "tables"
graphfilepath = "graph_edges.csv"

t_max=6000
check_every=50
tol=1e-06

conditionorder=["none", "few", "even", "biased", "shifted"]

[epsilons]
start = 0.05
stop = 0.3
step = 0.01

[conditions]
none = []
few = [0, 0.5, 1]
even = [0.0, 0.1111111111111111, 0.2222222222222222, 0.3333333333333333, 0.4444444444444444, 0.5555555555555556, 0.6666666666666666, 0.7777777777777778, 0.8888888888888888, 1.0]
biased = [0.1, 0.325736317318873, 0.500515749681059, 0.6358411166387221, 0.7406186336195373, 0.8217440597792877, 0.8845565309968118, 0.9331899462799942, 0.9708450334985117, 1.0]
shifted = [0.5, 0.625, 0.75, 0.875, 1.0]